0.39054927603970796
0.25015934791822214
0.29721833498739314
0.24691565362685639
0.22830379523340155
0.21344585523576307
0.14773929416864423
0.3482213527208978
0.34773221813610855
0.3541700038154744
0.25057051763625016
0.26233227844958884
0.19347121324760233
0.27419127836088836
0.17519687509310827
0.397709394950173
0.4861920435696298
0.18815211754983194
0.2211253136701291
0.25215257026942967
0.25912663238256906
0.2896406460514315
0.25251730666360045
0.2488288299652109
0.24379683491212717
0.2893385365465007
0.3559728150742184
0.2541149387687049
0.2448164445569069
0.33445515230743783
0.33478259868414145
0.1794895405454434
0.22778290905431173
0.366830171976239
0.15591798348671226
0.3400313705641229
0.20026077790756494
0.2615331757310561
0.42984653837732606
0.18358248060720836
0.2975468906696879
0.3032746338602336
0.24471826083938739
0.1610292322120713
0.20195557890825974
0.24541209784114978
0.40435909532280184
0.34964521683034167
0.32075808076719586
0.3300752875924314
0.20455429720264873
0.2526075190300905
0.29827055360608845
0.27401176903196844
0.4729818517465315
0.31436380321986074
0.2276521111809075
0.311436737451166
0.4861001450748919
0.29622596290185343
0.4621687250005484
0.12999720598410586
0.2005125063054026
0.24477277386388635
0.1993980403949845
0.3613972943251056
0.3390211472720057
0.379210272342332
0.2913357523677948
0.26335855961029647
0.24597081359825265
0.2094747804948293
0.31932881569493776
0.24436848847748624
0.3509118097155439
0.3246531671226052
0.24319687457868178
0.281126881292562
0.36443287908715627
0.25244673446729154
0.22826248644397487
0.2546126887484279
0.26846166148658057
0.19001346260408067
0.37844499020683414
0.4210471417237768
0.2409989122334836
0.34414945317727635
0.3582928805796698
0.3618015396256373
0.3916472700159061
0.17848273404037898
0.19157336059515004
0.2872276738923977
0.36725822571193045
0.42208001111067567
0.31085833260626355
0.16722987067475614
0.30824243554594216
0.22128573939758744
0.28232108464236055
0.2210829312122078
0.24972510166925524
0.2821366625853295
0.2691118026011247
0.28838079551398715
0.35295073326748344
0.27834903788610454
0.20886229625489927
0.4212583161526131
0.3601836866270946
0.3278416966127122
0.41873671171796273
0.41212902464963885
0.33065902012015125
0.3505739182228403
0.4369305567537216
0.29460477707763866
0.2589465994425379
0.2343463310234959
0.31087836263878266
0.3102358311249123
0.22959136495601237
0.1966773056175235
0.2841741268009905
0.41767269627682463
0.20136595931927675
0.27375790861155597
0.3794821341802673
0.22123368876216165
0.20680056251127532
0.41774842686763375
0.6003740673401864
0.3349448278332219
0.3353609340117863
0.46955336794778124
0.3792796911648796
0.15718991355407982
0.3236404342062148
0.35317268238959665
0.4618517072768724
0.28969849866278474
0.37494973831078504
0.21203718439082186
0.5471992542574817
0.26448392035706947
0.17091373909992016
0.3798232116587166
0.35200795659969636
0.2885546692047447
0.34926990060510715
0.3613956097458313
0.20159499797942726
0.3245792017491479
0.3808639800084161
0.2900846138866316
0.21967143146117454
0.24932054681019022
0.28218241091693014
0.6124753047193049
0.3189066830347485
0.3988934114615975
0.3941548090797019
0.3688079339358904
0.2286363810786331
0.24004168899253311
0.3004294679626825
0.21206910181024421
0.37820670043393817
0.26550381193822753
0.5148969908103087
0.2368819872575581
0.2519891213351997
0.3532963378201115
0.27334775789241605
0.3575435834018081
0.3942611266066845
0.3854984238949667
0.4087999000655127
0.5113980483912737
0.3312267803445585
0.407530455286978
0.17076727001318548
0.43383323838154925
0.21286832969879627
0.3350068778739709
0.22527247402515557
0.29302528686626017
0.41681593768702047
0.16243670699301294
0.34498849791491554
0.3280345869466739
0.18934849530254663
0.24804211623785774
0.4414776400608545
0.34923271403735223
0.22394648847130802
0.2516767955363398
0.5223057495347945
0.3560649786982695
0.31402215180462195
0.20259902829060486
0.31594374372163675
0.26104112940686525
0.4514796951977542
0.3048217443373711
0.3216606401024556
0.732802898491303
0.27507567593621485
0.40726956170755546
0.2188931318024675
0.27007113434534363
0.338476699990297
0.3309566544775478
0.41029099470094377
0.4140418846476074
0.5105027051415321
0.3364463282315993
0.2891899520492558
0.3287079831440625
0.44138449398184165
0.286264597849083
0.2567701463539545
0.22641611038823675
0.5205353922896634
0.2242214645091707
0.3803785121746078
0.2934397465275632
0.3243043019375109
0.2971243699739904
0.8160705935220404
0.34027388439963085
0.2878345108580931
0.29974129156373963
0.24678581909822533
0.2666088463675033
0.21376696680127308
0.41602218616580716
0.277107728751691
0.24229273172861476
0.3051459861655448
0.20432021987758409
0.1604798883921502
0.3465335702494073
0.3624249716718539
0.28506733821384816
0.25288200361766044
0.25854700146967896
0.2276856585057088
0.37473213933187227
0.4261764014609092
0.24441596025355494
0.25808372824737846
0.30730471145581845
0.294737448012917
0.36908151227142877
0.21945609793987464
0.2555831441185047
0.232102280463085
0.48122740663346547
0.4754144178190459
0.375751073132391
0.4340855582850234
0.40717907423093647
0.25787820846678405
0.3790851057923004
0.44711641786254713
0.24420327509894488
0.2663686148621296
0.42171128535867564
0.43469900428484903
0.2339517111987605
0.3864749689907572
0.29464467514883275
0.22355301748695647
0.23197302327271202
0.2643233110286131
0.20341483087264198
0.20145533544629005
0.3983907692659821
0.3248644415092028
0.6403987685412283
0.32684322302559055
0.20039807369201973
0.28472575277485274
0.23109141770398503
0.4932965750499447
0.33124248510371407
0.3557645804581252
0.354611550807772
0.3024631092238978
0.44689358224036657
0.2754216848998714
0.5042507633341152
0.18597186205043853
0.18012463021659922
0.24697506930470137
0.32801874473892056
0.27182147751584906
0.36221437478861523
0.26318269743049827
0.20992499664913122
0.2869344023748768
0.2291712483338079
0.24142159876926636
0.2566293699079237
0.22765304749097992
0.6479603976049643
0.4235904987283679
0.34254738664130496
0.4375701992475923
0.43130908374361543
0.32087787512955024
0.24827419631068362
0.36987157445789837
0.2426458462039263
0.5517857090861668
0.4083945741165871
0.3041938383228693
0.5228691025333676
0.25391660539364114
0.22291697847967723
0.3064430571651185
0.31506573737290644
0.22920452006832506
0.4125548956128861
0.45037152723157853
0.21636412462669272
0.22283468381967067
0.3859742891176953
0.15763901197759966
0.20123537468045014
0.318578810158764
0.3920710050937004
0.381805983342776
0.2728193434412137
0.486629113659115
0.4208668363417839
0.38104253128270293
0.40218873455261833
0.3295866004760038
0.4581811810788756
0.3827332794544759
0.44284806842401125
0.39572012935958945
0.26629925476851773
0.28744467206070023
0.21001025698804904
0.27850297015549813
0.24632717964239
0.3029976394002698
0.16956001956461791
0.3635787205202625
0.4195100503023375
0.6457749989215282
0.29348813254382783
0.40346970004724647
0.2998673588305662
0.2932864400685076
0.1694169055324656
0.21655411160580193
0.45478716362371835
0.31315943435404425
0.2869138533761661
0.571940919206702
0.274977111597744
0.19889415738650545
0.3119654693592807
0.1918524206760751
0.45506397344157334
0.39245406043874914
0.5783870133954959
0.3183577267409735
0.4678491357819959
0.3861011799668793
0.3827093670794724
0.201782458258897
0.19695741330341243
0.5235697184685336
0.18639817677615048
0.4062115545527761
0.30887288223539355
0.43292495327270125
0.24497104525381896
0.42822435038782
0.2758477123951765
0.19578004720088474
0.16183739815044137
0.21664544599541127
0.28739890164213655
0.500553466320206
0.21373979360685466
0.41720138663519146
0.2913493378070548
0.21890137318706837
0.5118242107139759
0.22215332741930074
0.31261967353805364
0.3104303906671265
0.31806620212584064
0.8673511401184244
0.1940667977499119
0.24460625162998412
0.49102563739797705
0.2382518544481854
0.2884623305607548
0.46455647790302124
0.31100037633047056
0.26521195346124454
0.33679497786740104
0.36817582903691554
0.45119947336721794
0.4738181193229597
0.329693087094144
0.6339024066349059
0.2690086895803247
0.22134908813032386
0.4184242824259379
0.17100692693078287
0.4312245743851201
0.3104766594159008
0.3273877049449104
0.3663968490270466
0.3687739118248299
0.2846142608703208
0.28740453926786025
0.19912650377440855
0.42636023877566553
0.3718090269523002
0.20375175735786208
0.29817920625003935
0.2376190284210366
0.2669445183133222
0.3309174485874605
0.4169206572801173
0.402030475299181
0.15865654859061482
0.5276749028520693
0.39589560019428877
0.5163255791274891
0.2961801827531843
0.21607234502624284
0.32847605011185715
0.18317714907223206
0.20196826597702655
0.24820108068366661
0.17437672582450142
0.3264028716208206
0.43638295777699243
0.40096678733821345
0.20401564565689065
0.39211279065808735
0.3818186123289507
0.2007971205360319
0.373322116791996
0.3464300615547801
0.21303470968576976
0.319098192196845
0.16513203176391122
0.2525594933474537
0.22042773244443228
0.3789780200114442
0.3184947585679978
0.18682540836071573
0.35816555560416635
0.6762843741328532
0.27089945749546523
0.40705492739236526
0.4475424707286131
0.4145663213269434
0.19265722436090682
0.31004887506646184
0.21113706709210042
0.3089682253568344
0.263754702114737
0.2175323649158937
0.37449756781398724
0.39759151397015835
0.2999731059948338
0.19643422910359162
0.38192332603062235
0.320003202063919
0.28842445124410004
0.3829308016027036
0.2015320951521144
0.2717177731684438
0.2991085734049344
0.24867759654649046
0.2281984450356693
0.34399261228876615
0.23162549944945746
0.33748028704011335
0.311103724767572
0.36904190174271895
0.44825656264073627
0.3183072375476444
0.44506023163761343
0.5930763933985077
0.30904643292763123
0.4391902723458905
0.35137793611073376
0.33695049260901316
0.16507355186927297
0.2482921565489139
0.3500749799688148
0.46113067523432427
0.24635380781499788
0.300041733734117
0.161859612109272
0.1771985151923601
0.2516569513434915
0.18818131132656818
0.13859601856414813
0.43560956283133145
0.4032188058387664
0.2664294937000185
0.249835674277055
0.49266371351521393
0.23367942446354728
0.317178721206741
0.27936988395114376
0.47784757763974084
0.49639254163064317
0.2572354141794827
0.21291820788549026
0.31370851871857636
0.2071673667807058
0.271810344196975
0.2531053930849644
0.46386522367848265
0.3510614377202961
0.2625974114263396
0.38458715243251484
0.45496377612585365
0.36186709392736877
0.49039223998304415
0.22608451098108728
0.20493832274241813
0.1789416528815478
0.20432599966727097
0.3274945016041939
0.4250163593672004
0.34082468357862133
0.448965835709224
0.5678212965455264
0.5023600905816733
0.43182610720770087
0.26931604092210826
0.22427399922098937
0.20457629001461097
0.15760983178235077
0.40423536764663753
0.2807488334438341
0.559016320563008
0.4213859924080724
0.2270377902444662
0.35882284799597103
0.24539016739472563
0.5224274909178883
0.2596658902276161
0.31915479460981655
0.3473270789800532
0.4295375564374972
0.20987385553008672
0.28321504555905774
0.28354854587603606
0.5101152767581276
0.2082850224644753
0.17984936950557612
0.2627824593195602
0.2579077936904241
0.33242170542885185
0.26469583509924155
0.45532258978509216
0.412614673786486
0.4189346415130563
0.3680393537638776
0.3033919517703074
0.3270694365338422
0.369641945676097
0.20631805385089344
0.44227960906562663
0.384147527205754
0.4277725294673461
0.18146444092113417
0.4672469160319539
0.21815020516493897
0.42416584056269235
0.3399013123793774
0.47841200594289546
0.45284110208859285
0.35204919442333404
0.20500243953934374
0.2829373649515433
0.44007057295241875
0.23566595888343939
0.37687819236684017
0.31101978770733407
0.20472509579347778
0.2420583707223398
0.24744984902418632
0.23949429861329846
0.48440836129072584
0.271285365236658
0.6075168656083266
0.20769825435433512
0.4290551844619599
0.2443930357379673
0.3641050293020466
0.3728464926144729
0.43024793377539805
0.19110285150723197
0.33321311453384334
0.4265039255246217
0.21461771046605735
0.24495519313100692
0.2865852829200513
0.4155210546693785
0.48908986426368356
0.5518444249691254
0.42797138742006585
0.24289679047169782
0.4437801665969423
0.2747399917267695
0.3029658349703892
0.24305863555763643
0.3131388616992091
0.2247533555493164
0.2535561149590477
0.356264264239238
0.6059536124768031
0.2766652585221216
0.2663204808002446
0.42437788615287686
0.464773333707219
0.2899345908125537
0.1768215340563848
0.2364046184596198
0.5002372657111486
0.33063773704190785
0.377487765877345
0.23857571617511394
0.37564064640908135
0.429500504333614
0.5595975125601598
0.28989436317418377
0.2047305742094174
0.23774929431985126
0.21197427153304282
0.5802258819042717
0.26981666113720637
0.35665721419609564
0.33931401917568194
0.19053350959242255
0.5290824819517773
0.33435997846480936
0.15982362478647924
0.3315992585619085
0.3236185124892659
0.30977085727709813
0.22202584746678336
0.3259934970476281
0.44326148996551296
0.3715349378628977
0.4586172152237253
0.4515346689602287
0.34474166128952827
0.2556182849522885
0.0
0.5223345592273416
0.46191355305430176
0.3003540278608729
0.456670283790812
0.4298918929503461
0.2639493636845067
0.4347181432769249
0.29984261640380866
0.339596324768607
0.24393682532358282
0.3037463663707653
0.0
0.5391201475522749
0.28169871773587474
0.4391702905066264
0.2729557425073691
0.40821743399460886
0.5248079356762049
0.3770772863728229
0.3775964636476999
0.32515232315096304
0.31242102906464264
0.4643830996776773
0.3343946411481821